142.30337524414062	1389.561767578125	-0.5737175345420837
142.34442138671875	1389.87353515625	-0.5737104415893555
142.38427734375	1390.1781005859375	-0.5736408233642578
142.43063354492188	1390.534912109375	-0.5744036436080933
142.47567749023438	1390.88330078125	-0.5750117301940918
142.5227508544922	1391.249267578125	-0.5753389596939087
142.56216430664062	1391.5567626953125	-0.57575523853302
142.60333251953125	1391.878662109375	-0.5761653780937195
142.65599060058594	1392.2916259765625	-0.5763682126998901
142.70877075195312	1392.70703125	-0.5765562653541565
142.74766540527344	1393.01416015625	-0.5767964124679565
142.78866577148438	1393.3389892578125	-0.5770749449729919
142.83316040039062	1393.6922607421875	-0.5773566961288452
142.87660217285156	1394.0382080078125	-0.5776283740997314
142.92221069335938	1394.4019775390625	-0.5778470039367676
142.9695587158203	1394.7802734375	-0.5780282616615295
143.0188446044922	1395.175048828125	-0.5781147480010986
143.09634399414062	1395.79833984375	-0.5779579877853394
143.1483917236328	1396.2177734375	-0.5776995420455933
143.1928253173828	1396.583251953125	-0.5774201154708862
143.23583984375	1397.038330078125	-0.576948881149292
143.25933837890625	1397.3983154296875	-0.576438307762146
143.28277587890625	1397.7890625	-0.5758097171783447
143.30313110351562	1398.122802734375	-0.5752010941505432
143.3327178955078	1398.61962890625	-0.5741403698921204
143.3570556640625	1399.03125	-0.5731002688407898
143.38677978515625	1399.5362548828125	-0.5715907216072083
143.417724609375	1400.0635986328125	-0.5697097778320312
143.44863891601562	1400.59228515625	-0.5675451159477234
143.48049926757812	1401.139892578125	-0.565086841583252
143.5070343017578	1401.59716796875	-0.5629464387893677
143.537109375	1402.117431640625	-0.5604804158210754
143.5628204345703	1402.5625	-0.5582879781723022
143.59542846679688	1403.129150390625	-0.5552495121955872
143.6279754638672	1403.6966552734375	-0.5518536567687988
143.64442443847656	1404.0	-0.5500309467315674
143.65853881835938	1404.3154296875	-0.5482280254364014
143.68301391601562	1404.88671875	-0.5453978776931763
143.69638061523438	1405.2005615234375	-0.5441239476203918
143.7106475830078	1405.5389404296875	-0.5429125428199768
143.73411560058594	1406.0966796875	-0.5411034822463989
143.75192260742188	1406.521240234375	-0.5399101972579956
143.7692108154297	1406.933837890625	-0.5388148427009583
143.79563903808594	1407.5655517578125	-0.5375065207481384
143.81280517578125	1407.977294921875	-0.5368297100067139
143.826416015625	1408.3046875	-0.5363361239433289
143.83895874023438	1408.6072998046875	-0.5358930826187134
143.8529815673828	1408.9459228515625	-0.5353304147720337
143.8726806640625	1409.5732421875	-0.5342228412628174
143.87571716308594	1409.878173828125	-0.5337435603141785
143.87380981445312	1410.2166748046875	-0.5333528518676758
143.86962890625	1410.523193359375	-0.5331448912620544
143.86337280273438	1410.860107421875	-0.5330994725227356
143.84814453125	1411.4979248046875	-0.5334150791168213
143.83950805664062	1411.810791015625	-0.5336880683898926
143.82630920410156	1412.2691650390625	-0.5341175198554993
143.81358337402344	1412.702392578125	-0.5345026850700378
143.802001953125	1413.147216796875	-0.5348799824714661
143.79403686523438	1413.846923828125	-0.5355662107467651
143.79151916503906	1414.201171875	-0.5359585881233215
143.78988647460938	1414.5045166015625	-0.5363483428955078
143.78858947753906	1414.849609375	-0.5368276238441467
143.78770446777344	1415.1680908203125	-0.537316620349884
143.7869415283203	1415.5147705078125	-0.5378966331481934
143.78628540039062	1415.8502197265625	-0.5384683609008789
143.785400390625	1416.313232421875	-0.5392624735832214
143.7846221923828	1416.7523193359375	-0.5399804711341858
143.78384399414062	1417.186279296875	-0.5406115055084229
143.7830352783203	1417.64697265625	-0.5411592721939087
143.78225708007812	1418.0869140625	-0.5415600538253784
143.781494140625	1418.512451171875	-0.5418625473976135
143.7806854248047	1418.972412109375	-0.5421385169029236
143.77951049804688	1419.6390380859375	-0.5425184965133667
143.7784423828125	1420.24462890625	-0.542880117893219
143.77786254882812	1420.563720703125	-0.5430656671524048
143.7770538330078	1421.0230712890625	-0.5432553291320801
143.77609252929688	1421.5728759765625	-0.5432355999946594
143.7755126953125	1421.899658203125	-0.5430164933204651
143.77468872070312	1422.365966796875	-0.5423460006713867
143.77389526367188	1422.8154296875	-0.5414025783538818
143.7731475830078	1423.2413330078125	-0.5403125286102295
143.77230834960938	1423.698974609375	-0.5390701293945312
143.7710418701172	1424.36962890625	-0.5371873378753662
143.77020263671875	1424.8133544921875	-0.5358629822731018
143.76939392089844	1425.246826171875	-0.5344797372817993
143.76812744140625	1425.918701171875	-0.5321259498596191
143.7674560546875	1426.290283203125	-0.5307348370552063
143.7668914794922	1426.6031494140625	-0.5296010971069336
143.7662353515625	1426.94921875	-0.5283614993095398
143.76560974121094	1427.281005859375	-0.5271978378295898
143.76495361328125	1427.626220703125	-0.5260336995124817
143.76434326171875	1427.948974609375	-0.5249418020248413
143.7634735107422	1428.412109375	-0.5233264565467834
143.76263427734375	1428.856201171875	-0.5217148661613464
143.76181030273438	1429.2913818359375	-0.520001232624054
143.76095581054688	1429.758056640625	-0.5179851055145264
143.75973510742188	1430.4384765625	-0.5147656798362732
143.75877380371094	1430.98291015625	-0.5123537182807922
143.75823974609375	1431.2894287109375	-0.511188268661499
143.7576141357422	1431.6351318359375	-0.5100870132446289
143.75706481933594	1431.951904296875	-0.5092556476593018
143.7564239501953	1432.2967529296875	-0.5084525942802429
143.7556915283203	1432.6851806640625	-0.507570743560791
143.75477600097656	1433.149658203125	-0.5064930319786072
143.75389099121094	1433.5985107421875	-0.5054508447647095
143.75308227539062	1434.025634765625	-0.5045593976974487
143.75221252441406	1434.4927978515625	-0.5038151741027832
143.75155639648438	1434.833984375	-0.5033982992172241
143.7509307861328	1435.1712646484375	-0.5030685663223267
143.74990844726562	1435.7159423828125	-0.5026432275772095
143.7493133544922	1436.0289306640625	-0.5024174451828003
143.7486572265625	1436.375244140625	-0.5021578669548035
143.74795532226562	1436.7470703125	-0.5018587112426758
143.74679565429688	1437.37109375	-0.5013235807418823
143.7461395263672	1437.71923828125	-0.5010369420051575
143.74551391601562	1438.04248046875	-0.5007942318916321
143.74485778808594	1438.3934326171875	-0.5005715489387512
143.743896484375	1438.9100341796875	-0.5002974271774292
143.7432861328125	1439.22216796875	-0.5001381635665894
143.74264526367188	1439.5733642578125	-0.49993887543678284
143.74156188964844	1440.1400146484375	-0.4995201826095581
143.74090576171875	1440.490966796875	-0.4991958737373352
143.74032592773438	1440.798095703125	-0.49887925386428833
143.73965454101562	1441.153076171875	-0.4985063076019287
143.73904418945312	1441.478515625	-0.498185396194458
143.7384033203125	1441.81982421875	-0.49789702892303467
143.73779296875	1442.140380859375	-0.49767017364501953
143.73715209960938	1442.4857177734375	-0.49745261669158936
143.7365264892578	1442.814697265625	-0.49724292755126953
143.73561096191406	1443.271728515625	-0.49688151478767395
143.73471069335938	1443.7252197265625	-0.49639809131622314
143.7333526611328	1444.4036865234375	-0.49543631076812744
143.73248291015625	1444.83935546875	-0.4946784973144531
143.73150634765625	1445.31982421875	-0.4937419891357422
143.73037719726562	1445.889404296875	-0.4925362169742584
143.72970581054688	1446.221435546875	-0.4917850196361542
143.72900390625	1446.577392578125	-0.49095237255096436
143.72775268554688	1447.232177734375	-0.4893389344215393
143.72706604003906	1447.5703125	-0.4884805381298065
143.72637939453125	1447.91552734375	-0.48757851123809814
143.7257537841797	1448.2318115234375	-0.4867248237133026
143.724853515625	1448.68408203125	-0.48545849323272705
143.72531127929688	1449.1357421875	-0.484139621257782
143.73007202148438	1449.5789794921875	-0.4828171133995056
143.73587036132812	1450.0499267578125	-0.4813772141933441
143.7436065673828	1450.61279296875	-0.4796348810195923
143.74868774414062	1450.9583740234375	-0.4785677194595337
143.755615234375	1451.41845703125	-0.47715234756469727
143.76345825195312	1451.9349365234375	-0.4755818247795105
143.77017211914062	1452.375244140625	-0.4742829203605652
143.77734375	1452.84375	-0.47297403216362
143.78256225585938	1453.1846923828125	-0.47207561135292053
143.79098510742188	1453.7347412109375	-0.4705781638622284
143.79624938964844	1454.081298828125	-0.4697023928165436
143.80157470703125	1454.431884765625	-0.4687967002391815
143.80636596679688	1454.746826171875	-0.4680559039115906
143.81118774414062	1455.06494140625	-0.4673844575881958
143.8166046142578	1455.418701171875	-0.46666598320007324
143.8214569091797	1455.7354736328125	-0.4661068320274353
143.82669067382812	1456.077392578125	-0.4656727910041809
143.83172607421875	1456.40576171875	-0.4654295742511749
143.8388214111328	1456.8697509765625	-0.4654429852962494
143.84542846679688	1457.301025390625	-0.46562474966049194
143.8505401611328	1457.6356201171875	-0.46576884388923645
143.85638427734375	1458.0172119140625	-0.46585461497306824
143.86460876464844	1458.55517578125	-0.46575477719306946
143.8695831298828	1458.87939453125	-0.4655713737010956
143.87965393066406	1459.535400390625	-0.465038001537323
143.8849639892578	1459.8792724609375	-0.46473243832588196
143.8898468017578	1460.196044921875	-0.46446728706359863
143.9001007080078	1460.86083984375	-0.4639650583267212
143.90501403808594	1461.1812744140625	-0.46371570229530334
143.91213989257812	1461.645751953125	-0.4632629156112671
143.91732788085938	1461.9859619140625	-0.46281498670578003
143.92237854003906	1462.3177490234375	-0.4622412919998169
143.92926025390625	1462.770263671875	-0.4612226188182831
143.9357452392578	1463.193603515625	-0.46008822321891785
143.94110107421875	1463.544189453125	-0.4591183066368103
143.9462432861328	1463.88037109375	-0.45824551582336426
143.9515380859375	1464.2264404296875	-0.4574621915817261
143.95779418945312	1464.6353759765625	-0.4566802382469177
143.96405029296875	1464.9820556640625	-0.4560665488243103
143.97283935546875	1465.303466796875	-0.45545482635498047
143.993408203125	1465.767333984375	-0.4543834626674652
144.03167724609375	1466.43408203125	-0.452316552400589
144.05307006835938	1466.78125	-0.4510580897331238
144.07571411132812	1467.1029052734375	-0.44981831312179565
144.13809204101562	1467.77685546875	-0.4471793472766876
144.20164489746094	1468.3150634765625	-0.4450513422489166
144.23858642578125	1468.6142578125	-0.44382989406585693
144.28207397460938	1468.95703125	-0.4423465132713318
144.3255157470703	1469.2813720703125	-0.44082939624786377
144.3759002685547	1469.6263427734375	-0.43906980752944946
144.43252563476562	1469.9720458984375	-0.4371628761291504
144.49160766601562	1470.2862548828125	-0.43533623218536377
144.5577392578125	1470.59912109375	-0.4334668815135956
144.63807678222656	1470.947021484375	-0.43136948347091675
144.73153686523438	1471.3251953125	-0.4291004538536072
144.85693359375	1471.77880859375	-0.42636409401893616
144.9878692626953	1472.1923828125	-0.4238520860671997
145.13197326660156	1472.5953369140625	-0.4213656485080719
145.25357055664062	1472.9097900390625	-0.4194282591342926
145.37850952148438	1473.22021484375	-0.41753846406936646
145.62428283691406	1473.811767578125	-0.41400688886642456
145.8865966796875	1474.4281005859375	-0.41061756014823914
146.0257568359375	1474.74658203125	-0.409186989068985
146.1587677001953	1475.0401611328125	-0.40816187858581543
146.29489135742188	1475.33447265625	-0.4074488878250122
146.57171630859375	1475.928955078125	-0.40675675868988037
146.72491455078125	1476.251220703125	-0.4066244661808014
146.8662109375	1476.5390625	-0.40655517578125
147.0567169189453	1476.909423828125	-0.4065147936344147
147.22303771972656	1477.2122802734375	-0.40647417306900024
147.40345764160156	1477.5177001953125	-0.4064010977745056
147.57455444335938	1477.7841796875	-0.40630441904067993
147.83871459960938	1478.154052734375	-0.4061085283756256
148.12869262695312	1478.5068359375	-0.4058685898780823
148.54104614257812	1478.933837890625	-0.40558648109436035
148.79608154296875	1479.166259765625	-0.4054645001888275
149.04397583007812	1479.375	-0.40538841485977173
149.4001922607422	1479.654052734375	-0.4053279161453247
149.84596252441406	1479.9832763671875	-0.40528881549835205
150.1104736328125	1480.173828125	-0.4052600562572479
150.6403350830078	1480.5499267578125	-0.40513482689857483
150.91558837890625	1480.743896484375	-0.4050323963165283
151.2650146484375	1480.989990234375	-0.4048751890659332
151.61778259277344	1481.23828125	-0.40470558404922485
151.97573852539062	1481.48681640625	-0.40454012155532837
152.33206176757812	1481.7255859375	-0.40438389778137207
152.72293090820312	1481.97265625	-0.40421247482299805
153.29396057128906	1482.295166015625	-0.4039492607116699
153.78904724121094	1482.530029296875	-0.40373554825782776
154.07705688476562	1482.645263671875	-0.40363627672195435
154.40074157714844	1482.7564697265625	-0.40354689955711365
154.7161865234375	1482.847412109375	-0.4034855365753174
155.0482635498047	1482.927001953125	-0.40345263481140137
155.3541259765625	1482.9879150390625	-0.4034605622291565
155.69073486328125	1483.043212890625	-0.4034971594810486
155.9976348876953	1483.086181640625	-0.40356308221817017
156.33706665039062	1483.1279296875	-0.40368276834487915
156.7283477783203	1483.172119140625	-0.40388792753219604
157.18321228027344	1483.2203369140625	-0.4042222499847412
157.84939575195312	1483.287841796875	-0.40498048067092896
158.5144805908203	1483.354248046875	-0.40634095668792725
158.96182250976562	1483.39892578125	-0.40771162509918213
159.40216064453125	1483.4427490234375	-0.4094560742378235
159.74395751953125	1483.476806640625	-0.4110682010650635
160.39735412597656	1483.54248046875	-0.41472744941711426
160.76361083984375	1483.5792236328125	-0.41707146167755127
161.07553100585938	1483.6103515625	-0.41918325424194336
161.3957061767578	1483.642578125	-0.4214531481266022
161.8556365966797	1483.6885986328125	-0.4249017834663391
162.18484497070312	1483.721435546875	-0.4274936318397522
162.5185089111328	1483.7548828125	-0.43020546436309814
162.8430938720703	1483.787353515625	-0.4328910708427429
163.1534423828125	1483.818359375	-0.4354831576347351
163.49044799804688	1483.85009765625	-0.43829596042633057
163.83474731445312	1483.8790283203125	-0.4411432147026062
164.16812133789062	1483.903076171875	-0.4438854455947876
164.51478576660156	1483.9263916015625	-0.4466235637664795
164.8157196044922	1483.946533203125	-0.4488828778266907
165.16534423828125	1483.96923828125	-0.451337993144989
165.48165893554688	1483.9891357421875	-0.45338356494903564
165.82852172851562	1484.0106201171875	-0.45538461208343506
166.38919067382812	1484.04541015625	-0.4579535126686096
166.8052520751953	1484.0711669921875	-0.4593077003955841
167.27452087402344	1484.0960693359375	-0.4604370892047882
167.6923370361328	1484.1116943359375	-0.4613009989261627
168.02676391601562	1484.121826171875	-0.46191588044166565
168.59771728515625	1484.137451171875	-0.4628700613975525
169.00729370117188	1484.143798828125	-0.46350374817848206
169.46786499023438	1484.1422119140625	-0.4642021656036377
169.8998260498047	1484.135009765625	-0.46484193205833435
170.3302459716797	1484.1258544921875	-0.465271919965744
170.79412841796875	1484.108642578125	-0.46532610058784485
171.43844604492188	1484.064453125	-0.4641803801059723
171.75625610351562	1484.0303955078125	-0.46311241388320923
172.09974670410156	1483.9820556640625	-0.46163833141326904
172.40785217285156	1483.93017578125	-0.4601270854473114
172.741455078125	1483.8663330078125	-0.4583651125431061
173.04103088378906	1483.804443359375	-0.4567371904850006
173.47845458984375	1483.7049560546875	-0.4544122517108917
173.80462646484375	1483.6214599609375	-0.4527634382247925
174.1312255859375	1483.5301513671875	-0.45118170976638794
174.44271850585938	1483.439208984375	-0.4496411383152008
174.87571716308594	1483.309814453125	-0.4473310112953186
175.37802124023438	1483.15625	-0.4442150890827179
175.773193359375	1483.034423828125	-0.4413776099681854
176.2105712890625	1482.8974609375	-0.4378041923046112
176.83880615234375	1482.68798828125	-0.4321518540382385
177.37818908691406	1482.4844970703125	-0.4272290766239166
177.69195556640625	1482.3507080078125	-0.42454248666763306
178.00347900390625	1482.2030029296875	-0.42206382751464844
178.28846740722656	1482.052490234375	-0.41997030377388
178.57754516601562	1481.880615234375	-0.41802674531936646
178.8533172607422	1481.69580078125	-0.4163290560245514
179.19837951660156	1481.427978515625	-0.414423406124115
179.513916015625	1481.1370849609375	-0.4129014313220978
179.7894287109375	1480.8330078125	-0.4118112325668335
180.05093383789062	1480.4833984375	-0.4110335111618042
180.36087036132812	1479.93603515625	-0.4106404185295105
180.52325439453125	1479.535400390625	-0.4108315110206604
180.6381378173828	1479.143310546875	-0.41127482056617737
180.71957397460938	1478.7071533203125	-0.41202467679977417
180.76255798339844	1478.19580078125	-0.41323477029800415
180.76467895507812	1477.895751953125	-0.4141058921813965
180.75071716308594	1477.5654296875	-0.41521379351615906
180.72442626953125	1477.25634765625	-0.4163646697998047
180.64712524414062	1476.643310546875	-0.41895878314971924
180.55877685546875	1476.018310546875	-0.42233729362487793
180.5157470703125	1475.684814453125	-0.42456600069999695
180.4827423095703	1475.3831787109375	-0.42693519592285156
180.45535278320312	1475.0478515625	-0.43036508560180664
180.4378662109375	1474.643310546875	-0.43577930331230164
180.43890380859375	1474.305419921875	-0.4413833022117615
180.46511840820312	1473.86865234375	-0.4484896957874298
180.52113342285156	1473.456787109375	-0.45343464612960815
180.61761474609375	1473.013427734375	-0.4554458558559418
180.7406768798828	1472.6005859375	-0.4539322555065155
180.88340759277344	1472.209228515625	-0.4505351483821869
181.05758666992188	1471.788818359375	-0.4460289776325226
181.26705932617188	1471.3095703125	-0.4418504238128662
181.39027404785156	1471.02880859375	-0.44059666991233826
181.5238037109375	1470.7158203125	-0.44051939249038696
181.6428680419922	1470.4222412109375	-0.4415740370750427
181.86573791503906	1469.801513671875	-0.44616320729255676
181.9688720703125	1469.4742431640625	-0.4490407705307007
182.07789611816406	1469.102783203125	-0.4520412087440491
182.20285034179688	1468.6556396484375	-0.4548426866531372
182.2899169921875	1468.3359375	-0.456260621547699
182.37301635742188	1468.025634765625	-0.45724183320999146
182.51644897460938	1467.4801025390625	-0.45847299695014954
182.5977020263672	1467.1524658203125	-0.4591771960258484
182.66952514648438	1466.842041015625	-0.4599699378013611
182.73690795898438	1466.5179443359375	-0.4609946310520172
182.7959442138672	1466.204833984375	-0.46218881011009216
182.85040283203125	1465.896728515625	-0.46353596448898315
182.90830993652344	1465.5426025390625	-0.46521860361099243
182.9942626953125	1464.8817138671875	-0.4683399200439453
183.02304077148438	1464.5758056640625	-0.4696355164051056
183.0498504638672	1464.224365234375	-0.4709315299987793
183.0714111328125	1463.894287109375	-0.47196102142333984
183.09762573242188	1463.4415283203125	-0.47311490774154663
183.1144561767578	1463.1239013671875	-0.4738197326660156
183.13629150390625	1462.687744140625	-0.47475665807724
183.15216064453125	1462.3612060546875	-0.47551101446151733
183.1779327392578	1461.8253173828125	-0.47693780064582825
183.20860290527344	1461.16455078125	-0.47898030281066895
183.22120666503906	1460.814697265625	-0.4801308810710907
183.22750854492188	1460.509033203125	-0.48114025592803955
183.22789001464844	1460.1575927734375	-0.48227372765541077
183.22177124023438	1459.852783203125	-0.48323339223861694
183.20986938476562	1459.5029296875	-0.48427364230155945
183.1962432861328	1459.1751708984375	-0.4851885735988617
183.1801300048828	1458.8243408203125	-0.4861215054988861
183.1639404296875	1458.50146484375	-0.48693448305130005
183.14549255371094	1458.15185546875	-0.4877728223800659
183.12908935546875	1457.8475341796875	-0.48847463726997375
183.11001586914062	1457.4976806640625	-0.48924553394317627
183.0875244140625	1457.086181640625	-0.4901362657546997
183.0684814453125	1456.73828125	-0.49090448021888733
183.05125427246094	1456.423583984375	-0.491626501083374
183.01536560058594	1455.7691650390625	-0.4931619465351105
182.99588012695312	1455.414306640625	-0.4938949942588806
182.97854614257812	1455.087646484375	-0.49443328380584717
182.96322631835938	1454.7373046875	-0.4948202073574066
182.95346069335938	1454.4056396484375	-0.49504268169403076
182.94552612304688	1454.057373046875	-0.4951878786087036
182.9338836669922	1453.50146484375	-0.4954688251018524
182.92251586914062	1452.8389892578125	-0.4960591793060303
182.91571044921875	1452.4090576171875	-0.496541827917099
182.90847778320312	1451.94189453125	-0.49705761671066284
182.90162658691406	1451.4970703125	-0.4974617063999176
182.89358520507812	1450.9737548828125	-0.497826486825943
182.88368225097656	1450.3260498046875	-0.4981657564640045
182.87838745117188	1449.981201171875	-0.4983440637588501
182.8734130859375	1449.65869140625	-0.4985417425632477
182.86795043945312	1449.3021240234375	-0.498839408159256
182.8631591796875	1448.991943359375	-0.49918898940086365
182.85609436035156	1448.5340576171875	-0.49987244606018066
182.84913635253906	1448.0816650390625	-0.5006933808326721
182.8428192138672	1447.671630859375	-0.5014561414718628
182.83740234375	1447.3182373046875	-0.5020520091056824
182.8325958251953	1447.004638671875	-0.5024807453155518
182.8255615234375	1446.543212890625	-0.5029338598251343
182.8184051513672	1446.07763671875	-0.5032191872596741
182.81199645996094	1445.66064453125	-0.503429651260376
182.80567932128906	1445.19384765625	-0.5037145018577576
182.80560302734375	1444.5616455078125	-0.5042473673820496
182.8062744140625	1444.2452392578125	-0.5045795440673828
182.80813598632812	1443.782470703125	-0.5051025152206421
182.81082153320312	1443.30224609375	-0.5056834816932678
182.81494140625	1442.6470947265625	-0.5065332055091858
182.81771850585938	1442.218994140625	-0.5071442127227783
182.8207550048828	1441.755615234375	-0.5078378915786743
182.82363891601562	1441.318115234375	-0.5085594654083252
182.82626342773438	1440.91064453125	-0.5093234777450562
182.82931518554688	1440.4390869140625	-0.5103462934494019
182.83157348632812	1440.0931396484375	-0.5111885666847229
182.83518981933594	1439.54345703125	-0.5126089453697205
182.83750915527344	1439.191162109375	-0.5135257244110107
182.83966064453125	1438.8643798828125	-0.5143725872039795
182.84295654296875	1438.359375	-0.5156831741333008
182.84591674804688	1437.89990234375	-0.5169419646263123
182.8486785888672	1437.478515625	-0.518158495426178
182.85104370117188	1437.118408203125	-0.5192463994026184
182.85302734375	1436.818359375	-0.5201631784439087
182.85531616210938	1436.4691162109375	-0.5212141871452332
182.85740661621094	1436.150390625	-0.5221503973007202
182.86038208007812	1435.6905517578125	-0.5234500169754028
182.86257934570312	1435.351318359375	-0.5243959426879883
182.86474609375	1435.015869140625	-0.5253395438194275
182.86752319335938	1434.584716796875	-0.5265608429908752
182.86959838867188	1434.263916015625	-0.5274598002433777
182.87254333496094	1433.807861328125	-0.5286648273468018
182.87518310546875	1433.397216796875	-0.5296488404273987
182.878173828125	1432.92431640625	-0.5306617617607117
182.88092041015625	1432.490234375	-0.5315096974372864
182.883544921875	1432.067626953125	-0.5322785973548889
182.886474609375	1431.598388671875	-0.5330689549446106
182.88922119140625	1431.1591796875	-0.5337927341461182
182.89199829101562	1430.712890625	-0.5345758199691772
182.89498901367188	1430.24462890625	-0.5355335474014282
182.89852905273438	1429.6822509765625	-0.5368847250938416
182.90057373046875	1429.360107421875	-0.53773033618927
182.90280151367188	1429.010498046875	-0.5386161804199219
182.90480041503906	1428.6962890625	-0.539374589920044
182.9070587158203	1428.338623046875	-0.5401368141174316
182.91116333007812	1427.691162109375	-0.5411912202835083
182.91311645507812	1427.376708984375	-0.5415666699409485
182.916015625	1426.9111328125	-0.5420514345169067
182.91879272460938	1426.4693603515625	-0.5424683094024658
182.9214324951172	1426.052734375	-0.5428881049156189
182.92364501953125	1425.7041015625	-0.543322741985321
182.92626953125	1425.28271484375	-0.5440198183059692
182.928466796875	1424.93115234375	-0.5448178052902222
182.9304656982422	1424.608642578125	-0.5457306504249573
182.9326171875	1424.265869140625	-0.5468481183052063
182.93467712402344	1423.93359375	-0.5479612350463867
182.93685913085938	1423.5833740234375	-0.5490778684616089
182.93887329101562	1423.2596435546875	-0.5500184297561646
182.94107055664062	1422.908203125	-0.5509331226348877
182.94305419921875	1422.587890625	-0.5517177581787109
182.94522094726562	1422.239013671875	-0.5525957942008972
182.94729614257812	1421.910888671875	-0.5533543229103088
182.95021057128906	1421.447265625	-0.5542131662368774
182.95294189453125	1421.0067138671875	-0.5546881556510925
182.95555114746094	1420.5770263671875	-0.554700493812561
182.95835876464844	1420.10693359375	-0.5543671250343323
182.9614715576172	1419.58935546875	-0.5534759163856506
182.96414184570312	1419.154296875	-0.5528584122657776
182.9662628173828	1418.806396484375	-0.5522744655609131
182.96829223632812	1418.472412109375	-0.5520329475402832
182.97044372558594	1418.122802734375	-0.5519012212753296
182.972412109375	1417.8046875	-0.5518027544021606
182.97535705566406	1417.333740234375	-0.5515083074569702
182.97808837890625	1416.897216796875	-0.5509234070777893
182.98081970214844	1416.459716796875	-0.5501886010169983
182.98300170898438	1416.1103515625	-0.5494495630264282
182.9849395751953	1415.79736328125	-0.5488613843917847
182.98715209960938	1415.4417724609375	-0.548078715801239
182.9898223876953	1415.0130615234375	-0.5474042892456055
182.99327087402344	1414.461669921875	-0.5468664169311523
182.9954376220703	1414.113525390625	-0.5467211604118347
182.99993896484375	1413.39208984375	-0.5472888350486755
183.00205993652344	1413.059814453125	-0.5479339957237244
183.00503540039062	1412.5948486328125	-0.5493345260620117
183.0078887939453	1412.1533203125	-0.5509759187698364
183.01063537597656	1411.7235107421875	-0.5526136159896851
183.01284790039062	1411.376220703125	-0.5538605451583862
183.01492309570312	1411.0443115234375	-0.5548282861709595
183.017822265625	1410.57861328125	-0.5559662580490112
183.02133178710938	1410.015625	-0.556800127029419
183.0233612060547	1409.6895751953125	-0.5572671294212341
183.0275115966797	1409.020751953125	-0.5577418804168701
183.03167724609375	1408.355712890625	-0.5582451820373535
183.03382873535156	1408.00732421875	-0.5585552453994751
183.0378875732422	1407.34619140625	-0.5590790510177612
183.0419921875	1406.6744384765625	-0.5590670704841614
183.04400634765625	1406.34716796875	-0.5591402053833008
183.0467987060547	1405.8812255859375	-0.5593529939651489
183.04891967773438	1405.5262451171875	-0.5601518154144287
183.05084228515625	1405.205322265625	-0.5613929033279419
183.05348205566406	1404.765625	-0.5637573599815369
183.0560302734375	1404.340087890625	-0.5664921402931213
183.05813598632812	1403.9903564453125	-0.5687966346740723
183.06069946289062	1403.563720703125	-0.5714442729949951
183.06268310546875	1403.2291259765625	-0.5732223987579346
183.0654296875	1402.779541015625	-0.5750013589859009
183.06651306152344	1401.8927001953125	-0.5765700340270996
183.06585693359375	1401.3431396484375	-0.5770189762115479
183.06405639648438	1400.608642578125	-0.5782288908958435
183.06301879882812	1400.238525390625	-0.5791546106338501
183.06173706054688	1399.769775390625	-0.580445408821106
183.0606231689453	1399.34130859375	-0.5816002488136292
183.05950927734375	1398.9095458984375	-0.5826940536499023
183.05824279785156	1398.4384765625	-0.5837630033493042
183.056640625	1397.8802490234375	-0.5849450826644897
183.05567932128906	1397.554931640625	-0.5856455564498901
183.0537872314453	1396.8857421875	-0.5870753526687622
183.0527801513672	1396.529296875	-0.5877689123153687
183.05154418945312	1396.099853515625	-0.588408350944519
183.04998779296875	1395.570556640625	-0.5887573957443237
183.0489501953125	1395.212890625	-0.588726282119751
183.0478057861328	1394.812744140625	-0.5884537696838379
183.04661560058594	1394.3944091796875	-0.5879716873168945
183.04537963867188	1393.94189453125	-0.58733731508255
183.044189453125	1393.524658203125	-0.5867111086845398
183.04318237304688	1393.16796875	-0.5861914753913879
183.04232788085938	1392.8642578125	-0.5858007669448853
183.0413360595703	1392.511962890625	-0.5853880047798157
183.04049682617188	1392.202880859375	-0.585037112236023
183.0392608642578	1391.7410888671875	-0.5844576358795166
183.03781127929688	1391.183349609375	-0.5835220813751221
183.03701782226562	1390.871337890625	-0.5828388333320618
183.0360565185547	1390.5118408203125	-0.581953227519989
183.03480529785156	1390.0667724609375	-0.5807991027832031
183.02806091308594	1389.5338134765625	-0.5794724822044373
183.01698303222656	1389.180419921875	-0.578605055809021
182.99972534179688	1388.861572265625	-0.577850341796875
182.96414184570312	1388.4429931640625	-0.5768702030181885
182.92698669433594	1388.14013671875	-0.5762513279914856
182.84864807128906	1387.684326171875	-0.5756567716598511
182.6951904296875	1387.0528564453125	-0.5757009983062744
182.5001220703125	1386.427490234375	-0.5766319036483765
182.2765350341797	1385.796630859375	-0.577873945236206
182.16090393066406	1385.483154296875	-0.5784502029418945
181.96168518066406	1384.9527587890625	-0.5793702006340027
181.83999633789062	1384.6312255859375	-0.5799905061721802
181.73179626464844	1384.3458251953125	-0.580620288848877
181.61016845703125	1384.025390625	-0.5814603567123413
181.4476776123047	1383.5970458984375	-0.5827687978744507
181.29566955566406	1383.1966552734375	-0.584131121635437
181.152587890625	1382.819580078125	-0.5855381488800049
180.96937561035156	1382.337158203125	-0.5875000953674316
180.73065185546875	1381.7083740234375	-0.590410590171814
180.60504150390625	1381.37744140625	-0.5920348763465881
180.48995971679688	1381.0743408203125	-0.5934559106826782
180.32406616210938	1380.637451171875	-0.5952160358428955
180.205078125	1380.32421875	-0.5961892008781433
180.08087158203125	1380.00341796875	-0.5968644618988037
179.9580535888672	1379.697265625	-0.5971359014511108
179.8248748779297	1379.3824462890625	-0.597130537033081
179.6948699951172	1379.094970703125	-0.5968422889709473
179.5444793701172	1378.78662109375	-0.596335232257843
179.38922119140625	1378.4970703125	-0.5957551598548889
179.2213134765625	1378.2117919921875	-0.5952087640762329
178.91448974609375	1377.7462158203125	-0.5945408940315247
178.73123168945312	1377.491455078125	-0.5942228436470032
178.49562072753906	1377.1807861328125	-0.5937042236328125
178.29403686523438	1376.92431640625	-0.5930134057998657
177.882568359375	1376.415771484375	-0.5905371904373169
177.58438110351562	1376.0626220703125	-0.5880781412124634
177.29058837890625	1375.719970703125	-0.5855473875999451
177.0068817138672	1375.390625	-0.5834257006645203
176.70724487304688	1375.04443359375	-0.5818919539451599
176.4184112548828	1374.7154541015625	-0.5812190771102905
176.12094116210938	1374.3885498046875	-0.5812869668006897
175.80215454101562	1374.056640625	-0.5820244550704956
175.47994995117188	1373.7470703125	-0.582921028137207
175.14796447753906	1373.45849609375	-0.583627462387085
174.87564086914062	1373.24609375	-0.5837674140930176
174.46559143066406	1372.96728515625	-0.5832533240318298
174.16949462890625	1372.79541015625	-0.582671582698822
173.87738037109375	1372.649169921875	-0.5822055339813232
173.39027404785156	1372.4476318359375	-0.5819130539894104
172.95822143554688	1372.306640625	-0.5823822617530823
172.55252075195312	1372.1995849609375	-0.5832927227020264
172.12631225585938	1372.107177734375	-0.5843275785446167
171.79623413085938	1372.0450439453125	-0.5849006772041321
171.47630310058594	1371.988525390625	-0.5851359367370605
171.1391143798828	1371.931884765625	-0.5849816203117371
170.8169708251953	1371.87939453125	-0.5845034122467041
170.1563720703125	1371.7740478515625	-0.5831759572029114
169.81564331054688	1371.719970703125	-0.5827207565307617
169.5065155029297	1371.6708984375	-0.58259516954422
169.16505432128906	1371.616943359375	-0.5828635096549988
168.56590270996094	1371.522216796875	-0.5839669108390808
168.15093994140625	1371.456298828125	-0.584679126739502
167.69558715820312	1371.3839111328125	-0.584823489189148
167.1444549560547	1371.301025390625	-0.5835208296775818
166.84371948242188	1371.2611083984375	-0.5818531513214111
166.49679565429688	1371.22119140625	-0.5791593194007874
166.19203186035156	1371.1893310546875	-0.5760560035705566
165.8326873779297	1371.1536865234375	-0.5720449686050415
165.1707305908203	1371.090576171875	-0.5662355422973633
164.86875915527344	1371.0628662109375	-0.5648616552352905
164.5126495361328	1371.0306396484375	-0.5642989277839661
164.19407653808594	1371.001953125	-0.564500093460083
163.84130859375	1370.97021484375	-0.5651776790618896
163.52857971191406	1370.9420166015625	-0.5661485195159912
163.0711669921875	1370.90087890625	-0.5676590800285339
162.56475830078125	1370.8570556640625	-0.5686682462692261
162.15292358398438	1370.82763671875	-0.5684705972671509
161.69700622558594	1370.801025390625	-0.567228376865387
161.13623046875	1370.76953125	-0.5657666325569153
160.82745361328125	1370.753173828125	-0.5661907196044922
160.47015380859375	1370.734619140625	-0.5679567456245422
160.16622924804688	1370.71923828125	-0.5706246495246887
159.5068359375	1370.6868896484375	-0.5765661001205444
159.15606689453125	1370.67431640625	-0.5778166651725769
158.82400512695312	1370.668212890625	-0.5770083665847778
158.4752960205078	1370.6702880859375	-0.5741491317749023
158.16903686523438	1370.679443359375	-0.5703397989273071
157.82789611816406	1370.6956787109375	-0.5652070641517639
157.4864959716797	1370.7156982421875	-0.559833288192749
157.14251708984375	1370.738525390625	-0.5548619031906128
156.75955200195312	1370.765625	-0.5507106184959412
156.25296020507812	1370.803955078125	-0.5483816862106323
155.84007263183594	1370.8359375	-0.5488136410713196
155.4646759033203	1370.8653564453125	-0.549913227558136
155.1204833984375	1370.8924560546875	-0.5504200458526611
154.74839782714844	1370.9219970703125	-0.5494184494018555
154.4072265625	1370.9493408203125	-0.5466761589050293
154.09292602539062	1370.9747314453125	-0.5428777933120728
153.7571563720703	1371.001953125	-0.5379009246826172
153.35769653320312	1371.034423828125	-0.531896710395813
152.84056091308594	1371.0770263671875	-0.5259132981300354
152.48841857910156	1371.106201171875	-0.5234466791152954
152.18922424316406	1371.131103515625	-0.5221877098083496
151.87391662597656	1371.15771484375	-0.521193265914917
151.4700927734375	1371.191650390625	-0.5197414755821228
151.0704345703125	1371.2252197265625	-0.5178003907203674
150.6915283203125	1371.2569580078125	-0.5157607793807983
150.27354431152344	1371.291748046875	-0.5136281847953796
149.9691925048828	1371.31689453125	-0.5122401118278503
149.59527587890625	1371.347900390625	-0.5107616782188416
149.1410675048828	1371.3853759765625	-0.5092086791992188
148.6754150390625	1371.423828125	-0.5078563690185547
148.31021118164062	1371.455078125	-0.5069365501403809
147.8516082763672	1371.501953125	-0.5058392882347107
147.41021728515625	1371.5482177734375	-0.5050044059753418
147.04983520507812	1371.593017578125	-0.504680871963501
146.548583984375	1371.679931640625	-0.5050169229507446
146.24053955078125	1371.745849609375	-0.5056780576705933
145.92855834960938	1371.81396484375	-0.5064852237701416
145.5736846923828	1371.899169921875	-0.5073110461235046
145.2305908203125	1372.000732421875	-0.5081130266189575
144.9289093017578	1372.10888671875	-0.5091599822044373
144.5962677001953	1372.239501953125	-0.5107561945915222
144.30484008789062	1372.3729248046875	-0.5122841000556946
143.99078369140625	1372.5177001953125	-0.514069139957428
143.63600158691406	1372.6768798828125	-0.5160932540893555
143.3304901123047	1372.814697265625	-0.5176719427108765
143.0557861328125	1372.9482421875	-0.5191502571105957
142.77833557128906	1373.1009521484375	-0.520907998085022
142.44078063964844	1373.323486328125	-0.5232808589935303
142.1138916015625	1373.59765625	-0.5258749723434448
141.8217010498047	1373.8978271484375	-0.528631329536438
141.62039184570312	1374.135498046875	-0.530780553817749
141.43421936035156	1374.4034423828125	-0.5331226587295532
141.27532958984375	1374.703369140625	-0.5355385541915894
141.1705780029297	1374.9873046875	-0.5377098917961121
141.09060668945312	1375.3001708984375	-0.5398856997489929
141.0350341796875	1375.6505126953125	-0.5423178672790527
141.029052734375	1375.9769287109375	-0.5447539687156677
141.04296875	1376.2802734375	-0.5467357635498047
141.06553649902344	1376.61083984375	-0.5487772822380066
141.08657836914062	1377.009033203125	-0.5513337254524231
141.10003662109375	1377.31689453125	-0.5531347990036011
141.1143341064453	1377.64697265625	-0.5548661947250366
141.13064575195312	1378.027099609375	-0.5568287372589111
141.143798828125	1378.3363037109375	-0.558164119720459
141.1595458984375	1378.70947265625	-0.5594995617866516
141.17239379882812	1379.016845703125	-0.5604968070983887
141.18582153320312	1379.3397216796875	-0.5614336133003235
141.19996643066406	1379.6826171875	-0.5623750686645508
141.2230987548828	1380.24951171875	-0.563770055770874
141.2386474609375	1380.63427734375	-0.5646400451660156
141.25143432617188	1380.952392578125	-0.5652878880500793
141.26715087890625	1381.34619140625	-0.5660461187362671
141.2832794189453	1381.752197265625	-0.5668452978134155
141.30563354492188	1382.3194580078125	-0.567969799041748
141.32308959960938	1382.765625	-0.5687755942344666
141.33787536621094	1383.14697265625	-0.5693596601486206
141.35595703125	1383.614990234375	-0.5699508786201477
141.37246704101562	1384.087646484375	-0.5704779028892517
141.37640380859375	1384.584228515625	-0.570996880531311
141.36962890625	1385.077880859375	-0.5714684724807739
141.36358642578125	1385.51416015625	-0.5718677639961243
141.35853576660156	1385.8486328125	-0.5721877813339233
141.35044860839844	1386.36279296875	-0.572736918926239
141.34442138671875	1386.738525390625	-0.5731436014175415
141.33578491210938	1387.2728271484375	-0.5736138820648193
141.32791137695312	1387.75390625	-0.5737948417663574
141.3217315673828	1388.1287841796875	-0.5737674236297607
141.315185546875	1388.5225830078125	-0.5735864639282227
141.3087158203125	1388.91064453125	-0.5732329487800598
141.30218505859375	1389.2982177734375	-0.5728507041931152
141.29701232910156	1389.604248046875	-0.5725331902503967
141.29156494140625	1389.925537109375	-0.572279155254364
141.281982421875	1390.4859619140625	-0.5721428394317627
141.2767333984375	1390.791748046875	-0.5722442269325256
141.2715606689453	1391.09228515625	-0.5724104046821594
141.2645721435547	1391.497802734375	-0.572670578956604
141.2572784423828	1391.9190673828125	-0.5727981925010681
141.2505645751953	1392.3052978515625	-0.5727053880691528
141.24310302734375	1392.733154296875	-0.572350263595581
141.23590087890625	1393.1435546875	-0.5718101263046265
141.2289276123047	1393.5416259765625	-0.571170449256897
141.22119140625	1393.979736328125	-0.570382297039032
141.21014404296875	1394.603271484375	-0.5691397190093994
141.20443725585938	1394.92431640625	-0.5684629678726196
141.19895935058594	1395.232666015625	-0.5677870512008667
141.19110107421875	1395.6741943359375	-0.5667609572410583
141.183837890625	1396.0797119140625	-0.5657083988189697
141.17779541015625	1396.416259765625	-0.5647440552711487
141.17221069335938	1396.728271484375	-0.5637692213058472
141.16615295410156	1397.0654296875	-0.5626305937767029
141.16062927246094	1397.373291015625	-0.5615404844284058
141.15457153320312	1397.7122802734375	-0.5602833032608032
141.1488494873047	1398.033203125	-0.559043288230896
141.1374053955078	1398.6724853515625	-0.5564398765563965
141.12940979003906	1399.120361328125	-0.5545397400856018
141.12326049804688	1399.4647216796875	-0.5530661344528198
141.11746215820312	1399.78955078125	-0.5516787767410278
141.11146545410156	1400.124755859375	-0.5502721667289734
141.10108947753906	1400.70556640625	-0.5479210615158081
141.08876037597656	1401.3916015625	-0.5452979207038879
141.0826416015625	1401.733642578125	-0.5440424084663391
141.0766143798828	1402.0675048828125	-0.5428467392921448
141.07037353515625	1402.4134521484375	-0.5416290760040283
141.06460571289062	1402.733642578125	-0.5404834747314453
141.05825805664062	1403.08447265625	-0.539237380027771
141.05258178710938	1403.3974609375	-0.5381501913070679
141.04612731933594	1403.754150390625	-0.5369346737861633
141.04052734375	1404.063232421875	-0.535936713218689
141.0321044921875	1404.5283203125	-0.5344758629798889
141.02386474609375	1404.9810791015625	-0.5331739783287048
141.0161590576172	1405.404296875	-0.5320548415184021
141.0077667236328	1405.86572265625	-0.5308620929718018
140.99551391601562	1406.538818359375	-0.5290968418121338
140.98818969726562	1406.9425048828125	-0.5279932618141174
140.9801483154297	1407.385009765625	-0.5266522765159607
140.97377014160156	1407.7357177734375	-0.525571882724762
140.9678192138672	1408.063720703125	-0.5245826244354248
140.96124267578125	1408.42578125	-0.5235595107078552
140.95559692382812	1408.7371826171875	-0.5227946043014526
140.94920349121094	1409.0872802734375	-0.5220094919204712
140.9431610107422	1409.4180908203125	-0.5213088989257812
140.9346466064453	1409.8837890625	-0.520348310470581
140.92636108398438	1410.3369140625	-0.5193872451782227
140.91856384277344	1410.763671875	-0.5184290409088135
140.91195678710938	1411.1258544921875	-0.5176094770431519
140.90203857421875	1411.66845703125	-0.5164415240287781
140.8897705078125	1412.343017578125	-0.5153005719184875
140.88180541992188	1412.780029296875	-0.5148155093193054
140.87521362304688	1413.1417236328125	-0.514566957950592
140.86947631835938	1413.454833984375	-0.514460563659668
140.8573760986328	1414.117919921875	-0.5144346356391907
140.85081481933594	1414.4775390625	-0.51445472240448
140.84512329101562	1414.7900390625	-0.514453649520874
140.8385467529297	1415.14990234375	-0.514417827129364
140.82821655273438	1415.7158203125	-0.5142757892608643
140.82061767578125	1416.1328125	-0.5141081809997559
140.81228637695312	1416.58935546875	-0.5138720273971558
140.80609130859375	1416.9295654296875	-0.5136786699295044
140.8001251220703	1417.2562255859375	-0.5134916305541992
140.7916259765625	1417.7215576171875	-0.5132761001586914
140.7840576171875	1418.136474609375	-0.5131750702857971
140.77752685546875	1418.4952392578125	-0.5131493210792542
140.7718505859375	1418.8060302734375	-0.5131649374961853
140.75918579101562	1419.4993896484375	-0.5131627917289734
140.75270080566406	1419.8548583984375	-0.5130719542503357
140.74560546875	1420.1580810546875	-0.5129030346870422
140.73318481445312	1420.517578125	-0.5125745534896851
140.71673583984375	1420.8388671875	-0.5121477246284485
140.6881866455078	1421.3060302734375	-0.5113898515701294
140.65872192382812	1421.7607421875	-0.5105670690536499
140.62991333007812	1422.181396484375	-0.509722888469696
140.59695434570312	1422.6453857421875	-0.5086954832077026
140.56031799316406	1423.093994140625	-0.5075681209564209
140.51763916015625	1423.511474609375	-0.5064007043838501
140.46133422851562	1423.96728515625	-0.5050468444824219
140.37013244628906	1424.6431884765625	-0.5030065178871155
140.279052734375	1425.22509765625	-0.5010164976119995
140.1986541748047	1425.6595458984375	-0.4992590844631195
140.13568115234375	1425.9755859375	-0.4978611469268799
140.0263671875	1426.5087890625	-0.49552157521247864
139.95896911621094	1426.8302001953125	-0.4941224753856659
139.88450622558594	1427.180908203125	-0.49269232153892517
139.81692504882812	1427.497314453125	-0.49139824509620667
139.71994018554688	1427.9500732421875	-0.4894807040691376
139.6236572265625	1428.399169921875	-0.48743173480033875
139.5327606201172	1428.8232421875	-0.48539257049560547
139.43441772460938	1429.28173828125	-0.48315906524658203
139.32052612304688	1429.8175048828125	-0.4806811213493347
139.2565155029297	1430.1370849609375	-0.47933638095855713
139.1916046142578	1430.489013671875	-0.4779873192310333
139.07571411132812	1431.203125	-0.4755673408508301
139.02874755859375	1431.50537109375	-0.47460487484931946
138.95985412597656	1431.960693359375	-0.47318559885025024
138.8911895751953	1432.4232177734375	-0.4717683494091034
138.82752990722656	1432.8551025390625	-0.47049131989479065
138.77516174316406	1433.211181640625	-0.46945875883102417
138.72756958007812	1433.534912109375	-0.4685421884059906
138.68055725097656	1433.8548583984375	-0.46767088770866394
138.63302612304688	1434.1783447265625	-0.4668102264404297
138.58306884765625	1434.5184326171875	-0.46594756841659546
138.5341796875	1434.8514404296875	-0.46515586972236633
138.48233032226562	1435.2047119140625	-0.4643847346305847
138.4359893798828	1435.5203857421875	-0.4637582302093506
138.3845672607422	1435.87060546875	-0.46313127875328064
138.3383331298828	1436.185546875	-0.46263957023620605
138.2849884033203	1436.548583984375	-0.4621589183807373
138.22836303710938	1436.93701171875	-0.4617598056793213
138.14825439453125	1437.53955078125	-0.4614596962928772
138.09927368164062	1438.0001220703125	-0.46151483058929443
138.06259155273438	1438.4395751953125	-0.4617501497268677
138.02981567382812	1438.885498046875	-0.46207255125045776
137.98968505859375	1439.555908203125	-0.46253156661987305
137.97483825683594	1439.90380859375	-0.46270889043807983
137.94778442382812	1440.582763671875	-0.46291452646255493
137.93548583984375	1440.9144287109375	-0.46297770738601685
137.92269897460938	1441.267822265625	-0.46304523944854736
137.911376953125	1441.58544921875	-0.4631185531616211
137.8946990966797	1442.055419921875	-0.4632478356361389
137.8787078857422	1442.508056640625	-0.4633851647377014
137.8638153076172	1442.929931640625	-0.46347928047180176
137.8494873046875	1443.33544921875	-0.46351781487464905
137.83828735351562	1443.65283203125	-0.4635007381439209
137.82603454589844	1443.99951171875	-0.46343883872032166
137.81451416015625	1444.32568359375	-0.4633444845676422
137.7903594970703	1445.010009765625	-0.4630725085735321
137.77850341796875	1445.35888671875	-0.4628990590572357
137.76055908203125	1445.9263916015625	-0.46256548166275024
137.7467041015625	1446.365966796875	-0.4622443914413452
137.73236083984375	1446.8265380859375	-0.46180546283721924
137.71856689453125	1447.273193359375	-0.4612785875797272
137.705078125	1447.7108154296875	-0.46064913272857666
137.69424438476562	1448.0621337890625	-0.460096150636673
137.6842041015625	1448.3875732421875	-0.45957106351852417
137.67347717285156	1448.7357177734375	-0.45901453495025635
137.66334533691406	1449.0635986328125	-0.45851874351501465
137.65174865722656	1449.4404296875	-0.45799514651298523
137.64210510253906	1449.75244140625	-0.45759326219558716
137.63128662109375	1450.103759765625	-0.45715850591659546
137.62115478515625	1450.43212890625	-0.4567505717277527
137.60723876953125	1450.893310546875	-0.4561344385147095
137.5977783203125	1451.342041015625	-0.45545119047164917
137.59591674804688	1452.023193359375	-0.45421555638313293
137.5970458984375	1452.464111328125	-0.4532794952392578
137.59959411621094	1452.9217529296875	-0.4522402882575989
137.60296630859375	1453.374755859375	-0.45120179653167725
137.60641479492188	1453.79931640625	-0.4502534866333008
137.6119842529297	1454.4664306640625	-0.4488179087638855
137.61489868164062	1454.814208984375	-0.4480777382850647
137.61769104003906	1455.1497802734375	-0.44734764099121094
137.62098693847656	1455.5435791015625	-0.4463711380958557
137.6236572265625	1455.862548828125	-0.44554537534713745
137.62725830078125	1456.2940673828125	-0.4443311393260956
137.6298828125	1456.607421875	-0.4434744119644165
137.63148498535156	1456.9580078125	-0.44259899854660034
137.62933349609375	1457.26708984375	-0.44187140464782715
137.62417602539062	1457.6243896484375	-0.44106683135032654
137.6194305419922	1457.94189453125	-0.4403637647628784
137.60748291015625	1458.6220703125	-0.4389308989048004
137.60067749023438	1458.969970703125	-0.43811893463134766
137.5895538330078	1459.52392578125	-0.4366697072982788
137.5763397216797	1460.173828125	-0.43479812145233154
137.56768798828125	1460.5977783203125	-0.43351656198501587
137.55828857421875	1461.059814453125	-0.43208634853363037
137.54632568359375	1461.64697265625	-0.4302354156970978
137.53970336914062	1461.9708251953125	-0.4292479455471039
137.53257751464844	1462.3203125	-0.4282633066177368
137.52598571777344	1462.6441650390625	-0.4274680018424988
137.51895141601562	1462.98974609375	-0.42680108547210693
137.51124572753906	1463.3670654296875	-0.42630714178085327
137.50474548339844	1463.68603515625	-0.4260972738265991
137.49163818359375	1464.3297119140625	-0.42608675360679626
137.4851837158203	1464.64697265625	-0.4261278510093689
137.47811889648438	1464.994384765625	-0.42609190940856934
137.47171020507812	1465.3087158203125	-0.42592644691467285
137.4646759033203	1465.654052734375	-0.42562922835350037
137.4574432373047	1466.0087890625	-0.425300657749176
137.44873046875	1466.4368896484375	-0.42501819133758545
137.43960571289062	1466.8828125	-0.425026535987854
137.4301300048828	1467.345947265625	-0.4253382086753845
137.42332458496094	1467.6783447265625	-0.42566975951194763
137.41683959960938	1467.9949951171875	-0.4259846806526184
137.40725708007812	1468.462646484375	-0.42632704973220825
137.3955841064453	1469.03466796875	-0.426453560590744
137.3891143798828	1469.3525390625	-0.4263562262058258
137.38185119628906	1469.708984375	-0.42612916231155396
137.37548828125	1470.019775390625	-0.4258410334587097
137.3681640625	1470.37744140625	-0.4254136085510254
137.3619384765625	1470.6815185546875	-0.42500174045562744
137.3546142578125	1471.0391845703125	-0.4245036840438843
137.34771728515625	1471.353515625	-0.42407312989234924
137.3371124267578	1471.6978759765625	-0.4236305356025696
137.32240295410156	1472.018310546875	-0.4232306182384491
137.299072265625	1472.3704833984375	-0.4227756857872009
137.27041625976562	1472.692626953125	-0.42231833934783936
137.22103881835938	1473.1583251953125	-0.42153194546699524
137.18389892578125	1473.482666015625	-0.4208950698375702
137.119873046875	1473.9967041015625	-0.41978877782821655
137.0527801513672	1474.4549560546875	-0.41876649856567383
136.99623107910156	1474.812744140625	-0.4179806411266327
136.94488525390625	1475.1336669921875	-0.41730475425720215
136.83566284179688	1475.8013916015625	-0.41599011421203613
136.74522399902344	1476.345703125	-0.41496798396110535
136.69232177734375	1476.66357421875	-0.4143661856651306
136.63551330566406	1477.00439453125	-0.4137085974216461
136.5829620361328	1477.3197021484375	-0.41308778524398804
136.47140502929688	1477.988525390625	-0.4117468595504761
136.41275024414062	1478.3402099609375	-0.41104137897491455
136.32081604003906	1478.8914794921875	-0.4099538326263428
136.2083740234375	1479.565673828125	-0.4086715281009674
136.13687133789062	1479.993896484375	-0.4078831672668457
136.060791015625	1480.44970703125	-0.4070650339126587
135.96206665039062	1481.017578125	-0.4060724973678589
135.90438842773438	1481.31787109375	-0.40556132793426514
135.82974243164062	1481.6673583984375	-0.40498030185699463
135.7511444091797	1481.99169921875	-0.40445393323898315
135.6659698486328	1482.29931640625	-0.40396785736083984
135.44813537597656	1482.9400634765625	-0.4030040204524994
135.33383178710938	1483.2257080078125	-0.4025978446006775
135.1937713623047	1483.549072265625	-0.4021567404270172
135.0641632080078	1483.8304443359375	-0.4017896056175232
134.86375427246094	1484.2481689453125	-0.40126755833625793
134.66610717773438	1484.64990234375	-0.40078896284103394
134.4719696044922	1485.038818359375	-0.40034592151641846
134.25906372070312	1485.46240234375	-0.39988893270492554
134.0534210205078	1485.870849609375	-0.39947688579559326
133.85789489746094	1486.2548828125	-0.39911890029907227
133.69290161132812	1486.5679931640625	-0.39885008335113525
133.53453063964844	1486.8551025390625	-0.398623526096344
133.35723876953125	1487.158203125	-0.39840561151504517
132.9934844970703	1487.71435546875	-0.39805924892425537
132.5846405029297	1488.236572265625	-0.39781948924064636
132.36366271972656	1488.478271484375	-0.3977595567703247
132.03892517089844	1488.793701171875	-0.3977597951889038
131.7889404296875	1489.0108642578125	-0.39782923460006714
131.52923583984375	1489.2191162109375	-0.3979535698890686
131.17697143554688	1489.479736328125	-0.39820596575737
130.82904052734375	1489.721435546875	-0.39853158593177795
130.43377685546875	1489.9873046875	-0.39896804094314575
129.9551544189453	1490.302490234375	-0.3995380103588104
129.68910217285156	1490.476318359375	-0.39985597133636475
129.1217498779297	1490.845947265625	-0.40051400661468506
128.831298828125	1491.0325927734375	-0.4008483290672302
128.530029296875	1491.2205810546875	-0.4011996388435364
128.2657928466797	1491.37890625	-0.4015159606933594
127.97932434082031	1491.5413818359375	-0.4018707275390625
127.5689697265625	1491.7548828125	-0.40240174531936646
127.15139770507812	1491.94775390625	-0.40297186374664307
126.75480651855469	1492.1136474609375	-0.40354469418525696
126.32977294921875	1492.279052734375	-0.4042012393474579
125.81224060058594	1492.4716796875	-0.40506711602211
125.18324279785156	1492.699462890625	-0.4061660170555115
124.7544937133789	1492.849853515625	-0.406864196062088
124.2591552734375	1493.01171875	-0.40754055976867676
123.92789459228516	1493.10986328125	-0.4079035222530365
123.61701965332031	1493.19189453125	-0.40818941593170166
123.28056335449219	1493.2684326171875	-0.40845170617103577
122.95645141601562	1493.32763671875	-0.4086652994155884
122.49837493896484	1493.3876953125	-0.40892353653907776
122.06472778320312	1493.4217529296875	-0.4091230034828186
121.58753967285156	1493.4390869140625	-0.40930378437042236
121.17403411865234	1493.4423828125	-0.4094311594963074
120.51541137695312	1493.436767578125	-0.4095735549926758
119.84451293945312	1493.424560546875	-0.40963277220726013
119.38920593261719	1493.4150390625	-0.409640908241272
118.95803833007812	1493.4058837890625	-0.40965402126312256
118.60769653320312	1493.398193359375	-0.40968644618988037
118.2991943359375	1493.3914794921875	-0.40973496437072754
117.94148254394531	1493.3837890625	-0.40981847047805786
117.29438018798828	1493.36962890625	-0.41002678871154785
116.62708282470703	1493.355224609375	-0.41030454635620117
116.29692077636719	1493.34814453125	-0.41047388315200806
115.94631958007812	1493.3404541015625	-0.41068148612976074
115.63398742675781	1493.333740234375	-0.410896897315979
115.16542053222656	1493.3236083984375	-0.4112676680088043
114.71569061279297	1493.3138427734375	-0.41166770458221436
114.30916595458984	1493.3050537109375	-0.4120573401451111
113.84346771240234	1493.294921875	-0.41252732276916504
113.36569213867188	1493.2845458984375	-0.4130243957042694
112.9421157836914	1493.275390625	-0.4134783148765564
112.58483123779297	1493.267822265625	-0.41387423872947693
112.26873779296875	1493.260986328125	-0.4142042398452759
111.908447265625	1493.2530517578125	-0.41455164551734924
111.59980773925781	1493.246337890625	-0.41482874751091003
110.92749786376953	1493.2318115234375	-0.41548117995262146
110.57450103759766	1493.22412109375	-0.4159390926361084
110.26124572753906	1493.217529296875	-0.41642916202545166
109.90372467041016	1493.209716796875	-0.41715896129608154
109.34542083740234	1493.1976318359375	-0.41846829652786255
108.91574096679688	1493.1883544921875	-0.41960349678993225
108.45430755615234	1493.1783447265625	-0.42078039050102234
108.10597229003906	1493.1708984375	-0.42158737778663635
107.77552032470703	1493.16357421875	-0.4222880005836487
107.3310546875	1493.154052734375	-0.42314231395721436
106.89280700683594	1493.14453125	-0.4239446818828583
106.54654693603516	1493.1370849609375	-0.4246005415916443
106.21345520019531	1493.1298828125	-0.42525970935821533
105.86881256103516	1493.1224365234375	-0.4259946346282959
105.543701171875	1493.1153564453125	-0.4267182946205139
105.20108795166016	1493.10791015625	-0.42748206853866577
104.80238342285156	1493.0966796875	-0.42833635210990906
104.19279479980469	1493.078125	-0.4294942021369934
103.83904266357422	1493.0670166015625	-0.4300925135612488
103.52717590332031	1493.0570068359375	-0.43058353662490845
103.178466796875	1493.0457763671875	-0.43112465739250183
102.87422180175781	1493.0357666015625	-0.431596040725708
102.52677917480469	1493.0242919921875	-0.432127445936203
102.09970092773438	1493.01025390625	-0.4327205419540405
101.75225067138672	1492.998779296875	-0.43311992287635803
101.4278335571289	1492.9881591796875	-0.43338942527770996
101.08438110351562	1492.976806640625	-0.4335533380508423
100.4515380859375	1492.9559326171875	-0.43356430530548096
100.01661682128906	1492.941650390625	-0.43342143297195435
99.6700210571289	1492.93017578125	-0.4332423210144043
99.34772491455078	1492.9195556640625	-0.4330071210861206
98.88072204589844	1492.904296875	-0.43255916237831116
98.30398559570312	1492.88525390625	-0.43176862597465515
97.98300170898438	1492.8746337890625	-0.43123823404312134
97.63734436035156	1492.86328125	-0.4306236207485199
97.30146789550781	1492.8521728515625	-0.42999985814094543
96.95803833007812	1492.8408203125	-0.42926278710365295
96.62541198730469	1492.829833984375	-0.42847827076911926
96.27300262451172	1492.8182373046875	-0.4275739789009094
95.95488739013672	1492.80810546875	-0.4266405403614044
95.49658966064453	1492.7933349609375	-0.4253613352775574
95.06825256347656	1492.7796630859375	-0.42417794466018677
94.13990020751953	1492.7493896484375	-0.4208841919898987
93.6795654296875	1492.734130859375	-0.4186255931854248
93.250732421875	1492.719970703125	-0.4160717725753784
92.90988159179688	1492.708740234375	-0.41377049684524536
92.23991394042969	1492.6865234375	-0.4087897539138794
91.56915283203125	1492.6644287109375	-0.4034111201763153
91.25943756103516	1492.654296875	-0.4007718861103058
90.90982818603516	1492.6427001953125	-0.39762061834335327
90.597412109375	1492.63232421875	-0.3946300446987152
90.24369812011719	1492.62060546875	-0.3910468518733978
89.93706512451172	1492.610595703125	-0.3877776563167572
89.47772216796875	1492.5953369140625	-0.3826150596141815
89.03084564208984	1492.58056640625	-0.37724757194519043
88.46563720703125	1492.561767578125	-0.36982882022857666
87.90144348144531	1492.543212890625	-0.36180976033210754
87.44375610351562	1492.5279541015625	-0.35522422194480896
86.89469909667969	1492.509765625	-0.34825199842453003
86.58283233642578	1492.4993896484375	-0.3451811373233795
86.23181915283203	1492.48779296875	-0.3427206873893738
85.91024017333984	1492.4771728515625	-0.3415118455886841
85.55484008789062	1492.465087890625	-0.34137773513793945
85.2475814819336	1492.45263671875	-0.3420492112636566
84.89405059814453	1492.433349609375	-0.3434548079967499
84.56391906738281	1492.4091796875	-0.34508848190307617
84.21045684814453	1492.3782958984375	-0.3467867374420166
83.890869140625	1492.3486328125	-0.3478817343711853
83.42974853515625	1492.3037109375	-0.34847453236579895
82.99322509765625	1492.2593994140625	-0.34772682189941406
82.15387725830078	1492.1728515625	-0.34337085485458374
81.74411010742188	1492.130859375	-0.34061959385871887
81.38572692871094	1492.09423828125	-0.3383355140686035
80.83531188964844	1492.0380859375	-0.3355739712715149
80.43928527832031	1491.997802734375	-0.33429446816444397
79.95896911621094	1491.9488525390625	-0.3334489166736603
79.37350463867188	1491.888916015625	-0.33301717042922974
78.81539154052734	1491.8232421875	-0.33289211988449097
78.30497741699219	1491.74609375	-0.3333876132965088
77.92684936523438	1491.6728515625	-0.33436936140060425
77.5211410522461	1491.5771484375	-0.3361378610134125
76.94737243652344	1491.41845703125	-0.3398306965827942
76.4959945678711	1491.2822265625	-0.34325307607650757
75.9927978515625	1491.126220703125	-0.34727969765663147
75.58145141601562	1490.998291015625	-0.350506067276001
75.04669952392578	1490.8260498046875	-0.35477206110954285
74.57148742675781	1490.6549072265625	-0.35885554552078247
74.10052490234375	1490.45654296875	-0.3632428050041199
73.70580291748047	1490.2587890625	-0.36708131432533264
73.42203521728516	1490.092529296875	-0.36988651752471924
73.11414337158203	1489.8826904296875	-0.37291419506073
72.710693359375	1489.552978515625	-0.3768165707588196
72.3559341430664	1489.208740234375	-0.38020965456962585
72.03712463378906	1488.8541259765625	-0.3833273947238922
71.7885513305664	1488.556640625	-0.38587039709091187
71.5071792602539	1488.19970703125	-0.3888964056968689
71.23381042480469	1487.8133544921875	-0.3919069468975067
70.99010467529297	1487.418701171875	-0.3945772051811218
70.83085632324219	1487.135986328125	-0.39632362127304077
70.6572265625	1486.81298828125	-0.3982396423816681
70.51524353027344	1486.53759765625	-0.3998357653617859
70.36738586425781	1486.2274169921875	-0.40155327320098877
70.16793060302734	1485.7474365234375	-0.4039557874202728
70.02070617675781	1485.3017578125	-0.4058171510696411
69.90434265136719	1484.83447265625	-0.40739232301712036
69.80963134765625	1484.34619140625	-0.4088592827320099
69.75253295898438	1484.0062255859375	-0.4098605215549469
69.68678283691406	1483.6014404296875	-0.4111073315143585
69.60472106933594	1483.092529296875	-0.41281241178512573
69.54615783691406	1482.7264404296875	-0.41410911083221436
69.49020385742188	1482.3760986328125	-0.4154115915298462
69.4331283569336	1482.0184326171875	-0.4168163537979126
69.34436798095703	1481.458984375	-0.4191747009754181
69.26506042480469	1480.897216796875	-0.4217465817928314
69.22991943359375	1480.5869140625	-0.42320775985717773
69.18998718261719	1480.0267333984375	-0.42582035064697266
69.18623352050781	1479.5406494140625	-0.42794689536094666
69.20233154296875	1479.1661376953125	-0.42949095368385315
69.23584747314453	1478.75390625	-0.4310985803604126
69.28001403808594	1478.3526611328125	-0.43262556195259094
69.32891082763672	1477.9603271484375	-0.4341590404510498
69.3701171875	1477.645751953125	-0.4354475140571594
69.41218566894531	1477.335205078125	-0.43678319454193115
69.45585632324219	1477.016357421875	-0.4382338523864746
69.54216003417969	1476.3875732421875	-0.4412974715232849
69.61969757080078	1475.7763671875	-0.44450637698173523
69.6517105102539	1475.4713134765625	-0.4462078809738159
69.68204498291016	1475.132568359375	-0.448150634765625
69.72663879394531	1474.58447265625	-0.4513355791568756
69.75748443603516	1474.18115234375	-0.453674852848053
69.79082489013672	1473.7252197265625	-0.4562841057777405
69.83650207519531	1473.088134765625	-0.45982685685157776
69.8834228515625	1472.43115234375	-0.4633067846298218
69.92091369628906	1471.905029296875	-0.465979665517807
69.94415283203125	1471.5789794921875	-0.46758657693862915
69.9689712524414	1471.2310791015625	-0.4692715108394623
69.99049377441406	1470.9295654296875	-0.4707106351852417
70.01812744140625	1470.542724609375	-0.47254157066345215
70.04120635986328	1470.2198486328125	-0.47404801845550537
70.07392883300781	1469.76171875	-0.4761406183242798
70.10575866699219	1469.31640625	-0.4780906140804291
70.13563537597656	1468.8984375	-0.4798312187194824
70.16807556152344	1468.44287109375	-0.48163193464279175
70.1978759765625	1467.990234375	-0.4833642244338989
70.24040985107422	1467.3299560546875	-0.48581457138061523
70.28216552734375	1466.672119140625	-0.48815831542015076
70.32362365722656	1466.013916015625	-0.4904192090034485
70.35025024414062	1465.590576171875	-0.49180155992507935
70.37268829345703	1465.2340087890625	-0.49290192127227783
70.39287567138672	1464.9130859375	-0.4938170611858368
70.41482543945312	1464.564208984375	-0.4947342872619629
70.43474578857422	1464.2432861328125	-0.4955205023288727
70.4679946899414	1463.5811767578125	-0.4969853460788727
70.47725677490234	1463.2276611328125	-0.49771106243133545
70.47769165039062	1462.5523681640625	-0.4989699423313141
70.46975708007812	1461.88671875	-0.5000344514846802
70.46427917480469	1461.5684814453125	-0.5004884004592896
70.45532989501953	1461.107666015625	-0.5010932683944702
70.44825744628906	1460.76025390625	-0.5015165209770203
70.44145202636719	1460.430908203125	-0.5018963813781738
70.43219757080078	1459.98583984375	-0.5024024844169617
70.42391967773438	1459.5595703125	-0.5028802156448364
70.42047882080078	1459.2037353515625	-0.5032203197479248
70.4219970703125	1458.879150390625	-0.5034897923469543
70.42626953125	1458.49853515625	-0.5037282109260559
70.43004608154297	1458.1917724609375	-0.5038789510726929
70.43537139892578	1457.833740234375	-0.50403892993927
70.44060516357422	1457.5223388671875	-0.5041786432266235
70.44679260253906	1457.175048828125	-0.5043500065803528
70.45269012451172	1456.8519287109375	-0.5045141577720642
70.46115112304688	1456.394287109375	-0.5047591924667358
70.46973419189453	1455.932373046875	-0.5050022602081299
70.47639465332031	1455.5198974609375	-0.5052391886711121
70.48176574707031	1455.0594482421875	-0.5055525302886963
70.48711395263672	1454.598876953125	-0.5059348940849304
70.49165344238281	1454.176513671875	-0.5063069462776184
70.49642944335938	1453.70947265625	-0.5066922903060913
70.50309753417969	1453.044677734375	-0.5071127414703369
70.50653076171875	1452.6986083984375	-0.5072718262672424
70.51197814941406	1452.1502685546875	-0.5074852705001831
70.5155258178711	1451.79296875	-0.5076631307601929
70.52205657958984	1451.1370849609375	-0.5082194209098816
70.52615356445312	1450.7257080078125	-0.5087708234786987
70.53080749511719	1450.2564697265625	-0.5095890164375305
70.53512573242188	1449.822021484375	-0.5104405283927917
70.54069519042969	1449.2615966796875	-0.511517345905304
70.54401397705078	1448.92724609375	-0.5120706558227539
70.5494384765625	1448.38037109375	-0.5128114223480225
70.55259704589844	1448.0599365234375	-0.5131895542144775
70.55912780761719	1447.3995361328125	-0.5139870047569275
70.56255340576172	1447.054443359375	-0.514435887336731
70.56588745117188	1446.71875	-0.5148879289627075
70.57289123535156	1446.0135498046875	-0.5157431364059448
70.57601928710938	1445.6981201171875	-0.5160302519798279
70.58253479003906	1445.037841796875	-0.5163766145706177
70.58576965332031	1444.709716796875	-0.5164870023727417
70.59031677246094	1444.24462890625	-0.5166842341423035
70.594482421875	1443.815185546875	-0.5169875025749207
70.59855651855469	1443.391845703125	-0.5173963308334351
70.60494995117188	1442.92138671875	-0.5178862810134888
70.6130599975586	1442.4725341796875	-0.5182813405990601
70.62117004394531	1442.0316162109375	-0.5184565186500549
70.63011169433594	1441.5706787109375	-0.5183534026145935
70.64328002929688	1440.9132080078125	-0.5176337361335754
70.65064239501953	1440.5494384765625	-0.5169985890388489
70.66133117675781	1440.0228271484375	-0.5159082412719727
70.66837310791016	1439.676025390625	-0.5151209831237793
70.67487335205078	1439.3564453125	-0.5143705010414124
70.68183135986328	1439.014892578125	-0.5135926604270935
70.68843841552734	1438.6903076171875	-0.512891948223114
70.70191192626953	1438.0277099609375	-0.5117284059524536
70.70923614501953	1437.66748046875	-0.5112398862838745
70.71546936035156	1437.3592529296875	-0.5108850598335266
70.72499084472656	1436.8900146484375	-0.5103733539581299
70.73379516601562	1436.457275390625	-0.5098402500152588
70.74285888671875	1436.01318359375	-0.5092123746871948
70.75239562988281	1435.546142578125	-0.5084871053695679
70.76577758789062	1434.88916015625	-0.5076797604560852
70.77516174316406	1434.4298095703125	-0.5076602697372437
70.78348541259766	1434.0252685546875	-0.5080745220184326
70.79289245605469	1433.5693359375	-0.5088726282119751
70.79972076416016	1433.2386474609375	-0.5095541477203369
70.80917358398438	1432.781982421875	-0.5106642842292786
70.81836700439453	1432.3365478515625	-0.5120915174484253
70.83233642578125	1431.657470703125	-0.515276312828064
70.84130859375	1431.2177734375	-0.5178688764572144
70.84841918945312	1430.867919921875	-0.5199711918830872
70.85478210449219	1430.55322265625	-0.5217529535293579
70.86180114746094	1430.204345703125	-0.5234262943267822
70.86811065673828	1429.88916015625	-0.524531900882721
70.87496185302734	1429.54736328125	-0.5251120328903198
70.88177490234375	1429.20751953125	-0.5250353813171387
70.88874816894531	1428.859130859375	-0.5242913961410522
70.89527130126953	1428.53515625	-0.5230264067649841
70.90240478515625	1428.1798095703125	-0.5213416814804077
70.90875244140625	1427.86474609375	-0.5197481513023376
70.9181900024414	1427.399169921875	-0.5179517269134521
70.92742919921875	1426.946533203125	-0.5171218514442444
70.93644714355469	1426.507080078125	-0.5172927379608154
70.94598388671875	1426.0401611328125	-0.5182582139968872
70.95488739013672	1425.600830078125	-0.5194793343544006
70.96357727050781	1425.1683349609375	-0.5207768678665161
70.97057342529297	1424.8197021484375	-0.5216962695121765
70.97708129882812	1424.495361328125	-0.5223580598831177
70.98402404785156	1424.1485595703125	-0.5228614211082458
70.99050903320312	1423.826416015625	-0.5231436491012573
70.9975357055664	1423.477783203125	-0.5233105421066284
71.00390625	1423.1622314453125	-0.5234551429748535
71.010986328125	1422.81201171875	-0.5236868858337402
71.017578125	1422.487060546875	-0.5240550637245178
71.02688598632812	1422.0283203125	-0.5249305963516235
71.03813934326172	1421.4736328125	-0.526513934135437
71.04469299316406	1421.1497802734375	-0.527629017829895
71.05179595947266	1420.799560546875	-0.5289367437362671
71.0582046508789	1420.4833984375	-0.5301654934883118
71.06764221191406	1420.017333984375	-0.5319861769676208
71.07652282714844	1419.5791015625	-0.5337128639221191
71.08531951904297	1419.1453857421875	-0.5355214476585388
71.09468078613281	1418.6826171875	-0.5376636981964111
71.10385131835938	1418.229736328125	-0.540095329284668
71.11264038085938	1417.7955322265625	-0.5426624417304993
71.12632751464844	1417.1212158203125	-0.5468425750732422
71.13343048095703	1416.7718505859375	-0.5490149259567261
71.13995361328125	1416.451416015625	-0.5509945154190063
71.14710235595703	1416.1002197265625	-0.5532053709030151
71.16079711914062	1415.4271240234375	-0.5576133131980896
71.1673355102539	1415.105224609375	-0.5597883462905884
71.17454528808594	1414.74853515625	-0.5622420310974121
71.18099975585938	1414.4287109375	-0.5644194483757019
71.19029998779297	1413.9677734375	-0.5674309730529785
71.19914245605469	1413.52783203125	-0.5701280832290649
71.20777893066406	1413.098388671875	-0.5725891590118408
71.21698760986328	1412.638916015625	-0.5750839114189148
71.2259521484375	1412.1910400390625	-0.5775080323219299
71.23908996582031	1411.536865234375	-0.5813513994216919
71.24784851074219	1411.10400390625	-0.5844967365264893
71.2573471069336	1410.635986328125	-0.5885868072509766
71.26876831054688	1410.0714111328125	-0.5943416357040405
71.2752685546875	1409.748779296875	-0.5978090167045593
71.28221130371094	1409.404052734375	-0.6014494895935059
71.28892517089844	1409.0699462890625	-0.6048369407653809
71.296142578125	1408.7105712890625	-0.6083056330680847
71.30271911621094	1408.3834228515625	-0.6112351417541504
71.30985260009766	1408.027587890625	-0.6140047311782837
71.32117462158203	1407.462646484375	-0.6171376705169678
71.32947540283203	1407.04736328125	-0.6182152032852173
71.33881378173828	1406.57763671875	-0.618395209312439
71.34547424316406	1406.240478515625	-0.6178667545318604
71.35203552246094	1405.9068603515625	-0.6168774366378784
71.36083221435547	1405.4564208984375	-0.6148905754089355
71.36878204345703	1405.04638671875	-0.6121988892555237
71.37749481201172	1404.590576171875	-0.6083793640136719
71.390869140625	1403.89599609375	-0.6010717153549194
71.40071868896484	1403.3912353515625	-0.5948121547698975
71.41021728515625	1402.9088134765625	-0.5884227156639099
71.4190902709961	1402.455810546875	-0.5824032425880432
71.42573547363281	1402.11328125	-0.5780218243598938
71.4361572265625	1401.5762939453125	-0.5715194344520569
71.44519805908203	1401.11279296875	-0.5663937330245972
71.458251953125	1400.449462890625	-0.5601961612701416
71.46941375732422	1399.88330078125	-0.5563969016075134
71.48212432861328	1399.2388916015625	-0.5536276698112488
71.4883041381836	1398.92578125	-0.5527435541152954
71.49519348144531	1398.575927734375	-0.551995575428009
71.50131225585938	1398.265869140625	-0.5514774918556213
71.51432800292969	1397.60498046875	-0.5504779815673828
71.52171325683594	1397.23095703125	-0.5498288869857788
71.52794647216797	1396.9158935546875	-0.5492207407951355
71.53704833984375	1396.453857421875	-0.5483375787734985
71.54585266113281	1396.006103515625	-0.5476129055023193
71.55413055419922	1395.584228515625	-0.5471838116645813
71.56321716308594	1395.122802734375	-0.5470095872879028
71.56988525390625	1394.785888671875	-0.5471495389938354
71.57632446289062	1394.4608154296875	-0.5474631190299988
71.58963775634766	1393.79150390625	-0.5485506653785706
71.60091400146484	1393.22119140625	-0.5496929883956909
71.61398315429688	1392.5576171875	-0.5516160726547241
71.6275634765625	1391.87353515625	-0.5545174479484558
71.63400268554688	1391.5511474609375	-0.5561093688011169
71.64213562011719	1391.14453125	-0.5580780506134033
71.64839935302734	1390.830810546875	-0.5594967007637024
71.65757751464844	1390.3702392578125	-0.5611535310745239
71.66630554199219	1389.93017578125	-0.5622354745864868
71.67457580566406	1389.513671875	-0.5627943277359009
71.68378448486328	1389.0487060546875	-0.5630731582641602
71.70368957519531	1388.3843994140625	-0.5633348226547241
71.74732208251953	1387.7095947265625	-0.5638492107391357
71.79501342773438	1387.256591796875	-0.5644636154174805
71.84742736816406	1386.8388671875	-0.5652318000793457
71.89450073242188	1386.489990234375	-0.5659662485122681
71.93611145019531	1386.1923828125	-0.5665661096572876
71.98698425292969	1385.83984375	-0.5671323537826538
72.06808471679688	1385.2889404296875	-0.5675241947174072
72.15023803710938	1384.7349853515625	-0.5672500729560852
72.20207977294922	1384.385986328125	-0.5668521523475647
72.24759674072266	1384.0797119140625	-0.5664147734642029
72.29901123046875	1383.7333984375	-0.5658930540084839
72.34349822998047	1383.433837890625	-0.5654309988021851
72.39509582519531	1383.08642578125	-0.5649577379226685
72.4417724609375	1382.7847900390625	-0.5646480321884155
72.49950408935547	1382.437255859375	-0.5644554495811462
72.55790710449219	1382.121826171875	-0.5644667148590088
72.63140869140625	1381.7708740234375	-0.564672589302063
72.7042007446289	1381.4599609375	-0.5650038123130798
72.79182434082031	1381.112060546875	-0.5654875636100769
72.93342590332031	1380.5780029296875	-0.566156804561615
73.11265563964844	1379.927001953125	-0.5664418339729309
73.26190185546875	1379.421142578125	-0.5661440491676331
73.45501708984375	1378.8349609375	-0.5655040740966797
73.57867431640625	1378.5001220703125	-0.5651448369026184
73.74531555175781	1378.096435546875	-0.5648606419563293
73.8784408569336	1377.810791015625	-0.5648049116134644
74.14552307128906	1377.3155517578125	-0.5650058388710022
74.31114196777344	1377.0531005859375	-0.5651768445968628
74.51457214355469	1376.765625	-0.5652884840965271
74.92573547363281	1376.2685546875	-0.5650867819786072
75.37438201904297	1375.8070068359375	-0.5645845532417297
75.59361267089844	1375.5999755859375	-0.5644721388816833
75.92799377441406	1375.2958984375	-0.5646697282791138
76.25839233398438	1375.002685546875	-0.5654067993164062
76.57080078125	1374.7294921875	-0.5665439367294312
76.95256042480469	1374.3958740234375	-0.5683486461639404
77.19316864013672	1374.181640625	-0.5696973204612732
77.43087768554688	1373.96337890625	-0.5711960196495056
77.92173767089844	1373.4871826171875	-0.5745506286621094
78.15716552734375	1373.2513427734375	-0.5759267807006836
78.5304183959961	1372.876953125	-0.5771825909614563
78.78376007080078	1372.62890625	-0.5772836208343506
79.01544952392578	1372.4097900390625	-0.576988935470581
79.27960968017578	1372.172119140625	-0.5764482617378235
79.77986907958984	1371.7637939453125	-0.575511634349823
80.02513122558594	1371.581298828125	-0.5753009915351868
80.3073959350586	1371.3824462890625	-0.575290858745575
80.5739517211914	1371.2021484375	-0.5755445957183838
80.86933898925781	1371.0081787109375	-0.575957179069519
81.16917419433594	1370.814453125	-0.57652348279953
81.44024658203125	1370.641357421875	-0.5771276354789734
81.8991928100586	1370.3511962890625	-0.5782231092453003
82.27142333984375	1370.116943359375	-0.5792587995529175
82.66785430908203	1369.87451171875	-0.5804579257965088
83.03858184814453	1369.6588134765625	-0.5815703272819519
83.42224884033203	1369.4517822265625	-0.5822282433509827
83.73988342285156	1369.29541015625	-0.5822625756263733
84.0178451538086	1369.17138671875	-0.5817379951477051
84.34573364257812	1369.0401611328125	-0.5805848240852356
84.6379165649414	1368.934326171875	-0.5792607069015503
84.9705581665039	1368.8243408203125	-0.5776774287223816
85.27606964111328	1368.730712890625	-0.5763825178146362
85.91030883789062	1368.548583984375	-0.5750097632408142
86.24591064453125	1368.4560546875	-0.5753934383392334
86.60026550292969	1368.35986328125	-0.5767823457717896
87.00897216796875	1368.249755859375	-0.5794912576675415
87.64041137695312	1368.080810546875	-0.5851860642433167
87.94548034667969	1367.9991455078125	-0.5880405902862549
88.47177124023438	1367.8658447265625	-0.591168999671936
88.9056625366211	1367.767333984375	-0.5920380353927612
89.33697509765625	1367.685546875	-0.5912833213806152
89.74205017089844	1367.627197265625	-0.5898017287254333
90.19625854492188	1367.5830078125	-0.5884355306625366
90.83967590332031	1367.5496826171875	-0.5879656076431274
91.26626586914062	1367.539794921875	-0.5889176726341248
91.66361236572266	1367.5341796875	-0.5901990532875061
92.12249755859375	1367.5311279296875	-0.591735303401947
92.52648162841797	1367.5303955078125	-0.5924826860427856
93.03445434570312	1367.5301513671875	-0.5921914577484131
93.38420867919922	1367.5301513671875	-0.5908910036087036
93.80075073242188	1367.5302734375	-0.5884058475494385
94.2642593383789	1367.5301513671875	-0.58501797914505
94.68842315673828	1367.5299072265625	-0.5822410583496094
95.105224609375	1367.529541015625	-0.5803011655807495
95.56564331054688	1367.529541015625	-0.5791841745376587
95.9062271118164	1367.531005859375	-0.5789196491241455
96.23994445800781	1367.5361328125	-0.5789053440093994
96.68423461914062	1367.545654296875	-0.5791269540786743
97.1136245727539	1367.555419921875	-0.5794384479522705
97.45944213867188	1367.5640869140625	-0.5797236561775208
97.77725219726562	1367.5723876953125	-0.5799150466918945
98.12235260009766	1367.58154296875	-0.5798307657241821
98.52721405029297	1367.5924072265625	-0.579319417476654
98.83394622802734	1367.6007080078125	-0.5786139965057373
99.4719467163086	1367.6181640625	-0.5767935514450073
99.79940795898438	1367.627197265625	-0.5761486887931824
100.26224517822266	1367.639892578125	-0.5759456157684326
100.7137222290039	1367.651611328125	-0.5766353607177734
101.1513442993164	1367.6590576171875	-0.5779334306716919
101.61872863769531	1367.665283203125	-0.5793895721435547
101.95647430419922	1367.6693115234375	-0.5801572203636169
102.49882507324219	1367.67529296875	-0.5804605484008789
102.84500122070312	1367.678955078125	-0.5800930261611938
103.17132568359375	1367.682373046875	-0.5794991254806519
103.8245849609375	1367.6890869140625	-0.5783469676971436
104.48110961914062	1367.6956787109375	-0.5782709121704102
105.13399505615234	1367.701904296875	-0.5797062516212463
105.59718322753906	1367.7061767578125	-0.5812948346138
106.16780090332031	1367.7115478515625	-0.5830053091049194
106.72516632080078	1367.716796875	-0.5836696028709412
107.12311553955078	1367.720703125	-0.5829916000366211
107.58859252929688	1367.7255859375	-0.5807886719703674
108.02228546142578	1367.7301025390625	-0.5772992968559265
108.44325256347656	1367.734375	-0.5726995468139648
108.90660858154297	1367.7392578125	-0.5667344331741333
109.33103942871094	1367.74365234375	-0.5610929131507874
109.87113189697266	1367.749267578125	-0.5547912120819092
110.21927642822266	1367.7528076171875	-0.5519416928291321
110.53349304199219	1367.756103515625	-0.5503946542739868
111.0115737915039	1367.760498046875	-0.549853503704071
111.45307159423828	1367.7647705078125	-0.5509271025657654
111.872314453125	1367.768798828125	-0.5526843667030334
112.3357162475586	1367.773681640625	-0.5546921491622925
112.77822875976562	1367.77783203125	-0.5560321807861328
113.43733215332031	1367.7840576171875	-0.556576669216156
114.00154113769531	1367.7894287109375	-0.5564391016960144
114.33755493164062	1367.79248046875	-0.5565518140792847
114.9921875	1367.7987060546875	-0.5577507019042969
115.65218353271484	1367.804931640625	-0.5597643852233887
116.31581115722656	1367.811767578125	-0.5616521835327148
116.76876831054688	1367.81640625	-0.5624671578407288
117.16781616210938	1367.820556640625	-0.5627841353416443
117.81948852539062	1367.8272705078125	-0.5626323223114014
118.17867279052734	1367.8310546875	-0.5623522400856018
118.48847961425781	1367.834228515625	-0.5620733499526978
118.84228515625	1367.837890625	-0.5617603063583374
119.15162658691406	1367.841064453125	-0.5615129470825195
119.50826263427734	1367.8448486328125	-0.5612590909004211
119.82102966308594	1367.8480224609375	-0.561055064201355
120.17724609375	1367.851806640625	-0.5608286261558533
120.48637390136719	1367.8548583984375	-0.5606272220611572
120.83647918701172	1367.8585205078125	-0.5603863000869751
121.15913391113281	1367.8624267578125	-0.5601447820663452
121.50958251953125	1367.8697509765625	-0.5598765015602112
121.8203353881836	1367.881103515625	-0.5596433877944946
122.28376770019531	1367.9093017578125	-0.5593336820602417
122.62446594238281	1367.9384765625	-0.5591713786125183
123.15327453613281	1367.9910888671875	-0.5590611696243286
123.5013656616211	1368.0281982421875	-0.5590787529945374
123.80591583251953	1368.06201171875	-0.5591593384742737
124.14192199707031	1368.10009765625	-0.5593241453170776
124.55195617675781	1368.1470947265625	-0.5596247911453247
125.03862762451172	1368.20263671875	-0.5601264834403992
125.35110473632812	1368.23828125	-0.5605283975601196
125.90907287597656	1368.3017578125	-0.5613261461257935
126.43504333496094	1368.361328125	-0.5621188879013062
126.86357116699219	1368.409423828125	-0.5626572966575623
127.16687774658203	1368.443359375	-0.562907338142395
127.63941955566406	1368.4962158203125	-0.5630214214324951
127.98676300048828	1368.534912109375	-0.5628844499588013
128.31365966796875	1368.5712890625	-0.5626241564750671
128.62423706054688	1368.605712890625	-0.562293291091919
128.96934509277344	1368.644287109375	-0.5618654489517212
129.46409606933594	1368.699462890625	-0.561166524887085
129.9595489501953	1368.7569580078125	-0.5603680610656738
130.44387817382812	1368.8243408203125	-0.5594391226768494
130.82052612304688	1368.8896484375	-0.5585595369338989
131.24981689453125	1368.97119140625	-0.5573707222938538
131.64804077148438	1369.04931640625	-0.5561230778694153
132.04348754882812	1369.1300048828125	-0.5547938346862793
132.4091033935547	1369.2041015625	-0.5535512566566467
132.7488555908203	1369.276123046875	-0.5523585677146912
133.0733184814453	1369.3544921875	-0.5511325597763062
133.42596435546875	1369.450927734375	-0.5496349334716797
133.79736328125	1369.5518798828125	-0.547930896282196
134.15982055664062	1369.660400390625	-0.5462138652801514
134.47552490234375	1369.7730712890625	-0.544701099395752
134.76858520507812	1369.901611328125	-0.5432807803153992
135.0585479736328	1370.05078125	-0.5418887138366699
135.34890747070312	1370.2060546875	-0.540539562702179
135.63143920898438	1370.363037109375	-0.539247453212738
135.8874053955078	1370.52685546875	-0.5381085872650146
136.1482391357422	1370.728759765625	-0.5370708107948303
136.41102600097656	1370.9534912109375	-0.5361298322677612
136.65170288085938	1371.1649169921875	-0.5352824330329895
136.91087341308594	1371.4375	-0.534699022769928
137.1396026611328	1371.704833984375	-0.5343963503837585
137.3435516357422	1371.9620361328125	-0.5341153144836426
137.53073120117188	1372.2120361328125	-0.534072756767273
137.74008178710938	1372.478271484375	-0.5340583324432373
137.95040893554688	1372.7452392578125	-0.5340979695320129
138.16940307617188	1373.0238037109375	-0.5342775583267212
138.3507080078125	1373.277587890625	-0.5345650911331177
138.52503967285156	1373.558837890625	-0.5351526737213135
138.6982421875	1373.8271484375	-0.5356601476669312
138.86126708984375	1374.0899658203125	-0.5364326238632202
139.0157470703125	1374.378662109375	-0.537473738193512
139.1620330810547	1374.6436767578125	-0.5383327603340149
139.3147430419922	1374.9354248046875	-0.5396339297294617
139.44456481933594	1375.224609375	-0.5410367846488953
139.57305908203125	1375.5343017578125	-0.5425513386726379
139.6755828857422	1375.82763671875	-0.5440770983695984
139.76971435546875	1376.1224365234375	-0.545669674873352
139.87237548828125	1376.4306640625	-0.5473246574401855
139.9663543701172	1376.7198486328125	-0.5488246083259583
140.05862426757812	1377.041748046875	-0.5504868626594543
140.13990783691406	1377.3309326171875	-0.5520610213279724
140.22169494628906	1377.619873046875	-0.5534928441047668
140.3045654296875	1377.95166015625	-0.5551221370697021
140.3817138671875	1378.252197265625	-0.5565105676651001
140.4566192626953	1378.5693359375	-0.557816743850708
140.53115844726562	1378.8935546875	-0.5588067173957825
140.60150146484375	1379.216796875	-0.5601687431335449
140.67649841308594	1379.55615234375	-0.5612932443618774
140.7361297607422	1379.857421875	-0.561897873878479
140.7968292236328	1380.162841796875	-0.5633940696716309
140.85568237304688	1380.4693603515625	-0.5638250708580017
140.91802978515625	1380.798583984375	-0.5647569894790649
140.9751739501953	1381.10498046875	-0.5653862953186035
141.02919006347656	1381.419921875	-0.5661029815673828
141.08404541015625	1381.7265625	-0.5663585662841797
141.13206481933594	1382.0277099609375	-0.5671496391296387
141.1853485107422	1382.344482421875	-0.5677526593208313
141.22950744628906	1382.65185546875	-0.5681813955307007
141.27783203125	1382.9639892578125	-0.5690293312072754
141.3250732421875	1383.2685546875	-0.5693378448486328
141.37167358398438	1383.569091796875	-0.569805383682251
141.42262268066406	1383.897705078125	-0.5701568126678467
141.472900390625	1384.2218017578125	-0.5705739259719849
141.52244567871094	1384.54150390625	-0.5709047317504883
141.57020568847656	1384.849365234375	-0.5711837410926819
141.61688232421875	1385.1502685546875	-0.5715023875236511
141.66629028320312	1385.46826171875	-0.5718659162521362
141.716796875	1385.7933349609375	-0.5722324848175049
141.764892578125	1386.103271484375	-0.5726758241653442
141.81094360351562	1386.39990234375	-0.5729827284812927
141.8606719970703	1386.7205810546875	-0.5732656717300415
141.90823364257812	1387.02685546875	-0.5734964609146118
141.9560546875	1387.335205078125	-0.5736115574836731
142.00250244140625	1387.6348876953125	-0.5737454295158386
142.05177307128906	1387.952880859375	-0.573876678943634
142.09901428222656	1388.2578125	-0.5739611983299255
142.15081787109375	1388.592041015625	-0.5740422010421753
142.19749450683594	1388.892822265625	-0.5738815069198608
142.24859619140625	1389.221923828125	-0.57356196641922